0.231439692
0.291019958
0.186703854
2.764488568181818
0.231909258
0.29619883
0.220710982
3.2909498105263157
0.12608954
0.207054072
0.284313896
0.662782304
0.150108646
0.21485611400000001
0.22038321600000002
0.686145486
0.221098972
0.26315677800000004
0.183800806
2.664055630434783
0.22608565800000002
0.292904378
0.20374002800000002
3.011742055
0.11849906600000001
0.191244186
0.281462362
0.613878288
0.146097218
0.19683270200000003
0.222840748
0.684503838
0.22758039800000002
0.271698896
0.189744718
2.8756749681818183
0.243508252
0.30477896200000004
0.23046302400000002
3.2513583842105267
0.11804800000000001
0.184789646
0.28527916400000003
0.680892998
0.12609399200000002
0.19187873600000002
0.202613664
0.624133256
0.22082251800000002
0.281138098
0.21635205400000002
2.7929805954545457
0.23222366800000002
0.30718596400000003
0.201598522
3.097024255
0.11598090200000001
0.182297066
0.27252486200000003
0.632493462
0.14006235
0.196746416
0.200558968
0.7895932280000001
0.22623667800000002
0.29197122000000003
0.193722724
0.22012627
0.30077232000000004
0.205551792
0.11537013200000001
0.18176411
0.27540118
0.132300584
0.19511766800000002
0.20339241200000002
