0.5843455700000001
0.6026324000000001
0.29028942
0.21190323000000003
0.8172506
0.7939489700000001
0.51814636
0.26871769
0.42113429
0.45137362000000003
0.34588539
0.29121591
7.449733144444445
7.697554637500001
5.258959890000001
2.7307621600000003
0.62565428
0.6135548200000001
0.50305858
0.21205698
0.622839
0.8864575100000001
0.48523549000000005
0.27695939
0.51237086
0.599564
0.34592376
0.18483902000000002
8.518716687500001
8.636803242857145
6.994330266666667
3.17435956
0.24183755
0.31484202
0.16156376
0.12655689
0.50695932
0.6528617
0.33878378000000003
0.17971987
0.39444363000000005
0.31977792
0.19305122000000002
0.2790298
1.96324644
2.0155841100000003
1.12236412
0.63429552
0.25259950000000003
0.39597219
0.21806065000000002
0.15974779
0.39904794000000005
0.51216636
0.7057226000000001
0.23212176
0.39058824000000003
0.33558788
0.20733744
0.24233089000000002
2.10717604
2.21508854
1.08454785
0.63208883
