0.5524831
0.51861524
0.26710799
0.21951744
0.6777364
0.6965240100000001
0.55622753
0.24409435000000002
0.513708
0.4565381
0.32441636
0.16083048
6.574996240000001
6.569928010000001
4.621850370000001
2.6702041600000004
0.5499764300000001
0.53143266
0.46493148
0.21495394
0.60031163
0.82231679
0.45952162
0.2836729
0.5044276200000001
0.5357833200000001
0.31712923000000004
0.19382575000000002
7.78901845
7.990513300000001
6.506535370000001
2.9907589800000003
0.24594152000000002
0.34613675000000005
0.17228676
0.10579385000000001
0.41932374
0.5782584500000001
0.35094227
0.16851082
0.32938177
0.31606138
0.21177585000000002
0.25592866000000003
1.95539886
2.3233726800000003
1.204151
0.6755926200000001
0.27779194
0.33088315
0.21996692
0.16378873000000002
0.37746177000000003
0.53078166
0.67351041
0.17196623
0.32695578000000003
0.40336127000000005
0.27838147
0.23855848000000002
2.13680772
2.2250922500000003
1.08222631
0.6392928200000001
0.20759193
0.2469907
0.15527328
2.6202728900000003
0.23392762
0.33458722
0.23402563
3.03633313
0.12897243
0.20516884000000002
0.26749320000000004
0.5977056000000001
0.15427431
0.2249327
0.17823063
0.58014564
0.19755084
0.30108589
0.21755031000000002
2.7783945500000002
0.20854198000000002
0.27704665
0.21569796000000002
3.2509463000000003
0.12881507
0.15384761
0.2986106
0.57218817
0.18370819000000002
0.22199837
0.25676578
0.64478628
0.22061319000000001
0.29380598
0.22097571000000002
3.12120465
0.20800779000000003
0.35747081
0.19125893000000002
3.2170668900000003
0.11763222000000001
0.21423696
0.33643969
0.65682993
0.11783366
0.16987196000000002
0.1852312
0.68275028
