0.61266535
0.6354104
0.27989695000000003
0.215682
0.79246475
0.7620044
0.49684735
0.27473635
0.4187814
0.43185965000000004
0.3391169
0.29285725
7.5151479000000005
7.738055750000001
5.30313045
2.7586058
0.65920685
0.63661445
0.45334975000000005
0.21245540000000002
0.5718918000000001
0.8603528
0.47312115000000005
0.2680367
0.49146075000000006
0.6305442
0.33076195
0.18880100000000002
8.523790100000001
8.5828824
6.9430138
3.2883966
0.23809235
0.31112335
0.15320755
0.12040605
0.51494435
0.6666134
0.32949510000000004
0.17078885000000002
0.3940175
0.3074914
0.18655575000000002
0.27770885
1.93460195
1.9230727500000002
1.1618356
0.5681799000000001
0.24379375
0.41804535000000004
0.20873195
0.15116045
0.39691025
0.49446320000000005
0.7297208500000001
0.24100165
0.40195735000000005
0.33732245
0.20477655
0.24686085000000002
2.0337804
2.1626511500000003
0.99157335
0.59192655
