0.23563605
0.2740126
0.18666675000000002
2.72085275
0.22499275000000002
0.2705285
0.21733560000000002
3.2370774
0.1266924
0.20421330000000001
0.2967732
0.6138683500000001
0.14964685
0.21278175000000002
0.22008245
0.6269189500000001
0.2214596
0.2554119
0.18858350000000002
2.6493821
0.2122581
0.26656305
0.19699895
2.9906654
0.11527005000000001
0.18776400000000001
0.28886965000000003
0.5741906
0.14147610000000002
0.1927055
0.2153081
0.6583201000000001
0.2223855
0.26873005
0.18932275
2.9448408
0.24407160000000003
0.27515405000000004
0.22932200000000003
3.2394703000000002
0.11283510000000001
0.18712565
0.2891109
0.65204275
0.12455135
0.1905906
0.20610855
0.5688893
0.22305155000000002
0.26956415
0.2069273
2.6894965
0.21583805
0.29777255
0.19399515
3.0227375000000003
0.11573455
0.18771490000000002
0.2685494
0.585879
0.14160065000000002
0.19636800000000001
0.20211815000000002
0.77088975
0.22666150000000002
0.28376110000000004
0.19683810000000002
0.2085508
0.27646635
0.19829760000000002
0.11486315000000001
0.1869876
0.27112445
0.1363898
0.19482960000000002
0.20650510000000002
