0.19132790000000002
0.31458915000000004
0.19330450000000002
2.70338865
0.25546235
0.2631278
0.24532335000000002
3.24476195
0.11667475000000001
0.14917165000000002
0.23316505
0.6008652
0.1801473
0.23844265
0.2793155
0.8243944000000001
0.19579880000000002
0.2931708
0.20494590000000001
2.62849045
0.20555795000000002
0.2569697
0.19224170000000002
2.9396151
0.09339025000000001
0.21388005000000002
0.28362235
0.66161135
0.145896
0.2057755
0.22447755000000003
0.69039045
0.24717115
0.30235135
0.19958700000000001
3.1766493000000002
0.2854221
0.37130265
0.22728645
3.4990379000000003
0.0891034
0.19619395
0.3387137
0.6018438500000001
0.1300308
0.20310530000000002
0.22046410000000002
0.68734835
0.18978405
0.2492649
0.15942075
3.56144425
0.28874005
0.28057125
0.19894245000000002
3.3102738
0.12704495000000002
0.2706288
0.30304685000000003
0.7241390000000001
0.12188165000000001
0.2016399
0.18457610000000002
0.6534876000000001
