0.36439550000000004
0.35738210000000004
0.41085580000000005
0.2085104
0.8977594000000001
0.7536746000000001
0.6402952000000001
0.2587764
0.6584522
0.7005926
0.7465508000000001
0.3139777
0.8096527
0.8475246000000001
0.4085898
0.3271587
8.00994315
7.94252305
5.088618100000001
2.729673
0.7556642
0.7970453000000001
0.2511911
0.28399060000000004
0.6343576000000001
0.8367353000000001
0.44537370000000004
0.26558770000000004
0.8400915000000001
0.8135645
0.42588580000000004
0.31555360000000005
0.7946684
0.8241431
0.5736063
0.3451562
8.67598695
8.34031745
6.4393726000000004
3.2063309
0.378008
0.30609830000000005
0.2156044
0.1691167
0.3956813
0.3821214
0.24575670000000002
0.1489491
0.3178935
0.3735528
0.1936824
0.2116144
0.3891892
0.29285100000000003
0.1841304
0.38834300000000005
1.8398153000000002
1.8330708000000002
0.8957029000000001
0.6883682000000001
0.3356121
0.3376557
0.3042632
0.21242450000000002
0.47517050000000005
0.5174912
0.2507111
0.24047390000000002
0.3508292
0.3245794
0.25147790000000003
0.2374002
0.36129360000000005
0.3617808
0.2385834
0.2595489
1.7171856
1.7572403
0.9876823
0.6086049
