0.58290465
0.46466260000000004
0.26467905
0.20489555
0.6208979
0.6448883000000001
0.59173065
0.24851775
0.53148985
0.42073350000000004
0.3319222
0.15853305
6.5544416000000005
6.582094550000001
4.6391519500000005
2.66916485
0.5494337
0.5276123
0.46738995000000005
0.21451940000000003
0.6004591
0.82227465
0.4545756
0.28722305000000004
0.5040675
0.5372173
0.3220118
0.19791075000000002
7.830381050000001
7.97779255
6.51736965
2.9924927500000003
0.2375468
0.34608890000000003
0.16096035
0.10056035
0.4170788
0.5863588000000001
0.35731935000000004
0.1644258
0.3225738
0.31508535000000004
0.19796305
0.24303425
1.95423835
2.3320405500000003
1.20447265
0.7125598000000001
0.26164495000000004
0.3305964
0.2275048
0.13767705
0.38023835
0.49600705
0.6220335
0.1817207
0.323618
0.40845885000000004
0.2654824
0.24076935000000002
2.1097799
2.31236625
0.9814003000000001
0.5787869
0.20111820000000002
0.25418255
0.14205990000000002
2.50553325
0.24935335000000003
0.33639195
0.24382030000000002
3.0787897
0.11706095000000001
0.19001905000000002
0.27461215
0.5658315
0.1429153
0.2364439
0.16611910000000002
0.5844652
0.20298290000000002
0.30579300000000004
0.20168785
2.9357505500000003
0.20868605
0.2711852
0.2041337
3.2579938000000004
0.11609175000000001
0.14140470000000002
0.28850765
0.5495947
0.19377740000000002
0.21971110000000002
0.25293160000000003
0.59194495
0.22926985000000003
0.30117985
0.21580690000000002
3.1521723
0.21292170000000002
0.35740265000000004
0.1976777
3.11565065
0.11046375000000001
0.19948220000000003
0.33132165
0.6463601
0.10974600000000001
0.169465
0.1772971
0.67918095
0.2232444
0.22387625000000003
0.31828775000000004
0.25500665
0.19268565
0.1529666
3.0452736000000002
2.7440486500000003
0.26482425000000004
0.20707245000000002
0.37864385
0.26147585
0.20398095000000002
0.19472155000000002
3.3303902
3.1071209000000004
0.11186860000000001
0.0875933
0.15589255000000002
0.1408848
0.33202590000000004
0.3136813
0.6386684
0.66912205
0.12821025
0.12179685000000001
0.18586155000000001
0.22933025
0.24859720000000002
0.21846825
0.6821413500000001
0.5904500500000001
